year	Week	Precipitation	MinTemp
1986	1	0	11.81428571
1986	2	0	9.5
1986	3	3.657142857	12.41428571
1986	4	3.314285714	12.01428571
1986	5	0.057142857	13.91428571
1986	6	0	13.31428571
1986	7	0.057142857	12.47142857
1986	8	0	11.28571429
1986	9	0.228571429	14.17142857
1986	10	0.057142857	11.4
1986	11	0	8.128571429
1986	12	0	13.01428571
1986	13	0.028571429	13
1986	14	0	10
1986	15	1.085714286	7.285714286
1986	16	3.4	6.685714286
1986	17	2.428571429	4.757142857
1986	18	1.428571429	4.371428571
1986	19	3.085714286	4.371428571
1986	20	1.657142857	7.214285714
1986	21	1.857142857	3.3
1986	22	0.028571429	-1.342857143
1986	23	0.057142857	-0.7
1986	24	0.2	2.142857143
1986	25	0.657142857	-1.328571429
1986	26	0.028571429	-3.142857143
1986	27	7.114285714	2.657142857
1986	28	0.2	-2.7
1986	29	1.885714286	0.614285714
1986	30	3.485714286	-0.7
1986	31	0.428571429	-1.757142857
1986	32	0.771428571	1.457142857
1986	33	3.542857143	3.671428571
1986	34	1.485714286	1.071428571
1986	35	1.457142857	2.457142857
1986	36	0	2.728571429
1986	37	2.228571429	2.828571429
1986	38	2.285714286	2.814285714
1986	39	0.285714286	6.157142857
1986	40	2.771428571	7.814285714
1986	41	3.942857143	4.457142857
1986	42	1.628571429	3.942857143
1986	43	1.257142857	4.571428571
1986	44	0.971428571	5.314285714
1986	45	0.742857143	9.942857143
1986	46	2.314285714	11.3
1986	47	10.48571429	6.457142857
1986	48	0.057142857	5.271428571
1986	49	2.171428571	9.642857143
1986	50	0	8.685714286
1986	51	0.828571429	8.557142857
1986	52	0	11.61428571
1987	1	3.542857143	12.14285714
1987	2	0.342857143	12.65714286
1987	3	0	14.72857143
1987	4	0	9.114285714
1987	5	0.6	11.34285714
1987	6	3.514285714	15.64285714
1987	7	0.428571429	12.41428571
1987	8	7.571428571	11.08571429
1987	9	1.371428571	10.85714286
1987	10	0.4	8.585714286
1987	11	0	8.728571429
1987	12	1.857142857	9.542857143
1987	13	0.714285714	9.085714286
1987	14	0.171428571	8.2
1987	15	0.085714286	3.5
1987	16	0.428571429	4.942857143
1987	17	1.085714286	6.085714286
1987	18	3.142857143	4.6
1987	19	0.028571429	6.042857143
1987	20	3.8	2.971428571
1987	21	1.057142857	4.328571429
1987	22	0.085714286	-3.242857143
1987	23	0	1.628571429
1987	24	3.142857143	1.485714286
1987	25	2.228571429	5.814285714
1987	26	0.371428571	0.342857143
1987	27	0.342857143	-4.142857143
1987	28	0.142857143	-4.514285714
1987	29	2.285714286	0.642857143
1987	30	1.685714286	-2.357142857
1987	31	3.057142857	1.385714286
1987	32	0.057142857	2.642857143
1987	33	2.057142857	4.728571429
1987	34	0.228571429	0.714285714
1987	35	2.057142857	2.271428571
1987	36	1.714285714	3.242857143
1987	37	0.057142857	-0.271428571
1987	38	0	2.128571429
1987	39	1.628571429	5.257142857
1987	40	1.571428571	3.942857143
1987	41	0.685714286	2.371428571
1987	42	5.142857143	7.014285714
1987	43	0.857142857	6.714285714
1987	44	0.028571429	9.542857143
1987	45	3.342857143	8.8
1987	46	0.542857143	10.41428571
1987	47	3.942857143	8.942857143
1987	48	2.028571429	8.942857143
1987	49	1.314285714	6.4
1987	50	3.514285714	12.71428571
1987	51	2.8	12.15714286
1987	52	6.914285714	12.31428571
1988	1	0.057142857	13.55714286
1988	2	0	16.18571429
1988	3	0.857142857	15.92857143
1988	4	0.742857143	10.97142857
1988	5	0	12.71428571
1988	6	6.657142857	12.7
1988	7	0	10.18571429
1988	8	0	11.81428571
1988	9	0	13.45714286
1988	10	1.542857143	11.02857143
1988	11	0.2	7.614285714
1988	12	0	9.971428571
1988	13	0.657142857	10.1
1988	14	0.628571429	11.9
1988	15	3	9.171428571
1988	16	0	7.528571429
1988	17	0.685714286	6.471428571
1988	18	12.48571429	11.81428571
1988	19	0.914285714	6
1988	20	3.171428571	5.857142857
1988	21	3.514285714	4.928571429
1988	22	0.342857143	1.985714286
1988	23	5.085714286	5.128571429
1988	24	2.685714286	2.857142857
1988	25	0.114285714	1.014285714
1988	26	0.114285714	-1
1988	27	10.31428571	3.4
1988	28	0.228571429	3.028571429
1988	29	0.742857143	0.714285714
1988	30	2.971428571	2.228571429
1988	31	0	-1.014285714
1988	32	0.371428571	-0.314285714
1988	33	1.485714286	2.542857143
1988	34	3.742857143	4.242857143
1988	35	1.514285714	1.571428571
1988	36	2	5.828571429
1988	37	0.942857143	4.428571429
1988	38	4.885714286	5.3
1988	39	1.2	4.571428571
1988	40	0.028571429	8.057142857
1988	41	1.885714286	4.657142857
1988	42	0	4.4
1988	43	2.257142857	7.728571429
1988	44	0	9.485714286
1988	45	0.971428571	9.542857143
1988	46	5.885714286	9.314285714
1988	47	5	10.45714286
1988	48	2.057142857	8.814285714
1988	49	3.114285714	14.75714286
1988	50	2.971428571	11.74285714
1988	51	2.571428571	15.3
1988	52	8.685714286	15.1
1989	1	2.114285714	12.71428571
1989	2	0.028571429	11.72857143
1989	3	1.085714286	11.57142857
1989	4	0.085714286	10.37142857
1989	5	0.028571429	10.82857143
1989	6	0.028571429	10.91428571
1989	7	0	13.74285714
1989	8	0.628571429	11.84285714
1989	9	0	12.52857143
1989	10	5.457142857	14.54285714
1989	11	23.85714286	13.05714286
1989	12	5.285714286	12.42857143
1989	13	4.628571429	10.72857143
1989	14	10.28571429	15.04285714
1989	15	11.68571429	10.65714286
1989	16	0.057142857	7.657142857
1989	17	0.257142857	8.6
1989	18	1.514285714	8.871428571
1989	19	0.542857143	8.114285714
1989	20	1.942857143	8.985714286
1989	21	1.228571429	3.142857143
1989	22	1.542857143	4.771428571
1989	23	1	4.242857143
1989	24	0.342857143	3.642857143
1989	25	2.2	3.342857143
1989	26	0.028571429	0.271428571
1989	27	0.114285714	1.928571429
1989	28	1.828571429	1.171428571
1989	29	0.257142857	-2.828571429
1989	30	3.457142857	2.928571429
1989	31	1.057142857	-0.085714286
1989	32	0.171428571	1.057142857
1989	33	0.028571429	0.128571429
1989	34	0.685714286	2.414285714
1989	35	1.685714286	2.228571429
1989	36	0	1.185714286
1989	37	0.6	2.071428571
1989	38	1.114285714	1.542857143
1989	39	0.228571429	0.314285714
1989	40	0	1.757142857
1989	41	0.114285714	6.042857143
1989	42	0.914285714	5.928571429
1989	43	3.171428571	7.671428571
1989	44	0.314285714	5.157142857
1989	45	13.88571429	9.614285714
1989	46	1.628571429	10.58571429
1989	47	3.771428571	10.77142857
1989	48	0.485714286	12.08571429
1989	49	2.914285714	11.55714286
1989	50	3.542857143	11.32857143
1989	51	0	11.38571429
1989	52	0.085714286	11.94285714
1990	1	0.028571429	13.84285714
1990	2	4.971428571	14.8
1990	3	0	12.37142857
1990	4	0	13.21428571
1990	5	5.285714286	13.62857143
1990	6	1.628571429	12.94285714
1990	7	3.657142857	12.62857143
1990	8	0.971428571	15.44285714
1990	9	0.628571429	13.04285714
1990	10	0.142857143	10.28571429
1990	11	0.057142857	10.37142857
1990	12	0.057142857	8.8
1990	13	0	11.5
1990	14	1.285714286	12.34285714
1990	15	11.28571429	13.08571429
1990	16	6.771428571	10.81428571
1990	17	0.257142857	7.328571429
1990	18	0.057142857	5.5
1990	19	0	6.042857143
1990	20	1.514285714	2.6
1990	21	6.485714286	4.742857143
1990	22	3.828571429	5.871428571
1990	23	0	1.642857143
1990	24	0.142857143	0.457142857
1990	25	0.028571429	-0.671428571
1990	26	2.4	2.428571429
1990	27	3.942857143	3.028571429
1990	28	0.457142857	0.914285714
1990	29	2.828571429	2.585714286
1990	30	0.6	0.457142857
1990	31	3.685714286	3.957142857
1990	32	1.057142857	3.028571429
1990	33	0.657142857	0.628571429
1990	34	0.857142857	1.342857143
1990	35	0.971428571	2.257142857
1990	36	0.514285714	1.9
1990	37	2.514285714	3.042857143
1990	38	0.571428571	3.014285714
1990	39	0.085714286	5.014285714
1990	40	0.914285714	3.657142857
1990	41	2.857142857	4.871428571
1990	42	3.171428571	5.171428571
1990	43	1.4	4.871428571
1990	44	0	9.228571429
1990	45	2.771428571	9.285714286
1990	46	0.542857143	8.014285714
1990	47	0	7.142857143
1990	48	0	10.5
1990	49	4.2	14.92857143
1990	50	1.971428571	8.414285714
1990	51	0.114285714	13.64285714
1990	52	0	12.75714286
1991	1	5.571428571	15.34285714
1991	2	0.2	15.88571429
1991	3	0	15.12857143
1991	4	5.971428571	14.78571429
1991	5	0	12.41428571
1991	6	1.942857143	16.41428571
1991	7	0.514285714	13.91428571
1991	8	0.285714286	14.34285714
1991	9	0	10.32857143
1991	10	0.028571429	13.71428571
1991	11	0.171428571	9.928571429
1991	12	0	9.514285714
1991	13	2.085714286	10.42857143
1991	14	0.285714286	6.371428571
1991	15	0.514285714	7.114285714
1991	16	0	4.4
1991	17	1.514285714	4.142857143
1991	18	0	1.785714286
1991	19	0.428571429	2.257142857
1991	20	0	2.885714286
1991	21	4.171428571	4.857142857
1991	22	0	3.714285714
1991	23	6.028571429	7.071428571
1991	24	6.542857143	7.871428571
1991	25	0.285714286	3.357142857
1991	26	1.028571429	3.614285714
1991	27	1	1.342857143
1991	28	14.17142857	2.814285714
1991	29	0.028571429	0.085714286
1991	30	0.2	-0.128571429
1991	31	0.771428571	2.142857143
1991	32	4.057142857	2.728571429
1991	33	0.257142857	0.814285714
1991	34	1.742857143	1.6
1991	35	3.257142857	1.2
1991	36	0.028571429	2.442857143
1991	37	3.428571429	2.428571429
1991	38	2.257142857	3.8
1991	39	2.514285714	5.671428571
1991	40	0.314285714	6.657142857
1991	41	0	5.8
1991	42	0	5.385714286
1991	43	2.085714286	7.871428571
1991	44	2.371428571	9.842857143
1991	45	0.142857143	6.314285714
1991	46	0	7.128571429
1991	47	0.114285714	9.3
1991	48	1.142857143	9.6
1991	49	0.114285714	9.8
1991	50	7.142857143	12.15714286
1991	51	0.628571429	8.871428571
1991	52	0.114285714	14.27142857
1992	1	5.457142857	12.24285714
1992	2	4.857142857	11.22857143
1992	3	0	12.78571429
1992	4	6.114285714	13.95714286
1992	5	0.885714286	13.74285714
1992	6	8.628571429	14.8
1992	7	0.085714286	12.1
1992	8	0.828571429	14.11428571
1992	9	0	11.15714286
1992	10	7.657142857	13.55714286
1992	11	0	11.62857143
1992	12	0	9.257142857
1992	13	0.114285714	11.8
1992	14	0.028571429	10.94285714
1992	15	1.285714286	6.328571429
1992	16	0.114285714	7.142857143
1992	17	1.942857143	4
1992	18	1.457142857	4.785714286
1992	19	0.371428571	6.971428571
1992	20	0.914285714	3.314285714
1992	21	3.971428571	1.257142857
1992	22	0.057142857	1.671428571
1992	23	0.885714286	-1.871428571
1992	24	0.085714286	0.685714286
1992	25	0.114285714	-1.257142857
1992	26	2.285714286	2.285714286
1992	27	0.685714286	4.057142857
1992	28	0.028571429	-2.114285714
1992	29	1.685714286	-0.528571429
1992	30	0	-2.928571429
1992	31	0	-0.514285714
1992	32	5.4	0.442857143
1992	33	1.314285714	2.685714286
1992	34	0.114285714	-1.228571429
1992	35	4.085714286	0.885714286
1992	36	1	2.728571429
1992	37	1.257142857	1.014285714
1992	38	0.342857143	2.285714286
1992	39	6	6.057142857
1992	40	2.742857143	5.142857143
1992	41	1.914285714	7
1992	42	5.314285714	7.428571429
1992	43	0.142857143	5.285714286
1992	44	4.085714286	9.042857143
1992	45	1.571428571	5.728571429
1992	46	1.542857143	7.057142857
1992	47	8.485714286	11.41428571
1992	48	2.142857143	5.985714286
1992	49	5.428571429	12.1
1992	50	0.771428571	10.45714286
1992	51	0.714285714	13.22857143
1992	52	5.2	12.98571429
1993	1	10.88571429	13.34285714
1993	2	0	13.45714286
1993	3	2.285714286	16.14285714
1993	4	5.828571429	15.44285714
1993	5	0	15.74285714
1993	6	1.485714286	14.97142857
1993	7	0.857142857	12.8
1993	8	2.285714286	9.428571429
1993	9	0.457142857	8.214285714
1993	10	7.257142857	11.45714286
1993	11	0.057142857	10.72857143
1993	12	4.514285714	9.871428571
1993	13	2.114285714	9.171428571
1993	14	3.028571429	6.728571429
1993	15	0.171428571	6.357142857
1993	16	0	6.557142857
1993	17	0	6.357142857
1993	18	0.057142857	3.557142857
1993	19	0.028571429	2.928571429
1993	20	0	-1.271428571
1993	21	0.628571429	1.157142857
1993	22	4.085714286	1.985714286
1993	23	0.114285714	-1.657142857
1993	24	1.4	-0.657142857
1993	25	0.142857143	3.114285714
1993	26	0.028571429	-3.1
1993	27	7	4.771428571
1993	28	0.171428571	2.2
1993	29	0.142857143	-1.814285714
1993	30	8.4	0.928571429
1993	31	1.971428571	0.242857143
1993	32	0.628571429	1.228571429
1993	33	0.742857143	1.771428571
1993	34	0	0.357142857
1993	35	2.457142857	5.628571429
1993	36	3.942857143	5.328571429
1993	37	4.342857143	4.742857143
1993	38	0.771428571	3.685714286
1993	39	0	3.185714286
1993	40	4.742857143	7.328571429
1993	41	0.085714286	3.442857143
1993	42	2.228571429	7.485714286
1993	43	0.714285714	5.2
1993	44	1.485714286	5.585714286
1993	45	0.971428571	6.914285714
1993	46	5.971428571	11.55714286
1993	47	1.085714286	9.614285714
1993	48	0	10.07142857
1993	49	0.285714286	11.64285714
1993	50	1.8	13.27142857
1993	51	1.057142857	13.21428571
1993	52	0.171428571	9.328571429
1994	1	0.028571429	11.8
1994	2	0.6	11.27142857
1994	3	0.685714286	12.34285714
1994	4	0	11.37142857
1994	5	0.171428571	13.97142857
1994	6	3.285714286	16.27142857
1994	7	3.314285714	14.67142857
1994	8	0	11.91428571
1994	9	2.714285714	11.24285714
1994	10	2.485714286	11.88571429
1994	11	0.571428571	5.714285714
1994	12	0	7.957142857
1994	13	0	8.628571429
1994	14	2.2	7.185714286
1994	15	7.857142857	5.542857143
1994	16	0	5.757142857
1994	17	0	5.142857143
1994	18	0	4.7
1994	19	0.514285714	1.814285714
1994	20	0.314285714	-0.214285714
1994	21	0	5.557142857
1994	22	0.714285714	2.328571429
1994	23	2.857142857	3.285714286
1994	24	0	0.114285714
1994	25	0.571428571	1.971428571
1994	26	0.885714286	0.585714286
1994	27	0.028571429	-0.8
1994	28	0.657142857	0.571428571
1994	29	0.028571429	-3.157142857
1994	30	0	-4.728571429
1994	31	0.685714286	-2.114285714
1994	32	0	-4.457142857
1994	33	0	-3.371428571
1994	34	0.171428571	1.514285714
1994	35	0	1.342857143
1994	36	0.2	2.657142857
1994	37	0	0.7
1994	38	0	1.657142857
1994	39	0.228571429	1.471428571
1994	40	3.114285714	4.271428571
1994	41	0.971428571	3.271428571
1994	42	1.057142857	7.342857143
1994	43	1.542857143	7.485714286
1994	44	1.485714286	6.342857143
1994	45	0.628571429	6.3
1994	46	0.028571429	11.47142857
1994	47	1.171428571	10.31428571
1994	48	3.314285714	12.24285714
1994	49	3.514285714	12.17142857
1994	50	0	10.37142857
1994	51	6.171428571	16.2
1994	52	0	14.04285714
1995	1	6.885714286	14.21428571
1995	2	0	13.42857143
1995	3	19	16.8
1995	4	0.285714286	11.62857143
1995	5	5.028571429	12.31428571
1995	6	0	11.94285714
1995	7	0	12.9
1995	8	0.514285714	11.81428571
1995	9	0.457142857	12.9
1995	10	0.171428571	13.32857143
1995	11	0	7.185714286
1995	12	0	7.985714286
1995	13	0	5.985714286
1995	14	0.4	3.328571429
1995	15	0.057142857	5.642857143
1995	16	1.085714286	5.528571429
1995	17	0	3.942857143
1995	18	6.828571429	8.485714286
1995	19	3.142857143	8.657142857
1995	20	8.371428571	6.257142857
1995	21	1.285714286	5.571428571
1995	22	0	3.2
1995	23	0.8	5.871428571
1995	24	2.971428571	2.9
1995	25	0.028571429	-2.5
1995	26	2.8	1.914285714
1995	27	0.028571429	-0.542857143
1995	28	1.914285714	1.828571429
1995	29	2.457142857	0.985714286
1995	30	1.885714286	0.2
1995	31	0.628571429	1.042857143
1995	32	0.057142857	-2.285714286
1995	33	0	0.3
1995	34	0.342857143	4.871428571
1995	35	2.114285714	4.885714286
1995	36	0.685714286	1.128571429
1995	37	0	4.228571429
1995	38	2.628571429	7.328571429
1995	39	0.685714286	4
1995	40	5.771428571	7.514285714
1995	41	1.114285714	5.628571429
1995	42	1.257142857	7.642857143
1995	43	3.457142857	9.342857143
1995	44	0.914285714	9.885714286
1995	45	4.657142857	9.771428571
1995	46	0.514285714	9.157142857
1995	47	5.828571429	8.514285714
1995	48	9.2	11.35714286
1995	49	7.742857143	10.38571429
1995	50	0.028571429	9.271428571
1995	51	0.4	10.31428571
1995	52	0	9.114285714
1996	1	7.8	14.1
1996	2	1.257142857	14.01428571
1996	3	2.257142857	15.68571429
1996	4	0.828571429	9.914285714
1996	5	0	12.24285714
1996	6	1.342857143	11.54285714
1996	7	0.028571429	6.728571429
1996	8	0	11.72857143
1996	9	4.142857143	11.65714286
1996	10	1.628571429	12.47142857
1996	11	1.114285714	10.55714286
1996	12	0	6.357142857
1996	13	0.171428571	9.8
1996	14	0	5.985714286
1996	15	1.314285714	6.3
1996	16	1.285714286	3.071428571
1996	17	0	4.071428571
1996	18	2.685714286	7.942857143
1996	19	4.514285714	8.357142857
1996	20	0.657142857	1.685714286
1996	21	0.685714286	0.428571429
1996	22	0.971428571	-2.328571429
1996	23	0.057142857	-0.085714286
1996	24	0.171428571	-0.528571429
1996	25	2.828571429	1.028571429
1996	26	1.085714286	4.471428571
1996	27	2.4	0.857142857
1996	28	0.057142857	-2.942857143
1996	29	1.571428571	-1.114285714
1996	30	6.257142857	4.342857143
1996	31	1.942857143	4.928571429
1996	32	2.314285714	0.014285714
1996	33	0.2	1.171428571
1996	34	0.971428571	-1.171428571
1996	35	1.2	5.228571429
1996	36	0.085714286	3.585714286
1996	37	3.542857143	4.271428571
1996	38	3.542857143	5.042857143
1996	39	2.628571429	3.014285714
1996	40	4.6	6.257142857
1996	41	5.342857143	9.2
1996	42	2.571428571	7.057142857
1996	43	0	6.928571429
1996	44	0	6.057142857
1996	45	7.114285714	7.742857143
1996	46	1.8	9.514285714
1996	47	2.4	4.457142857
1996	48	0	9.228571429
1996	49	4.942857143	10.55714286
1996	50	0	7.442857143
1996	51	0.257142857	9.528571429
1996	52	3.514285714	14.45714286
1997	1	4.114285714	10.17142857
1997	2	1.6	8.271428571
1997	3	0.114285714	12.55714286
1997	4	0.714285714	14.87142857
1997	5	0.4	13.3
1997	6	0.085714286	16.38571429
1997	7	4.085714286	13.95714286
1997	8	0	16.58571429
1997	9	3.942857143	13.64285714
1997	10	0.257142857	13.31428571
1997	11	0.028571429	9.514285714
1997	12	0	7.357142857
1997	13	0	8.771428571
1997	14	0.114285714	4.657142857
1997	15	0	5.828571429
1997	16	0	6.285714286
1997	17	0	5.528571429
1997	18	0	5.9
1997	19	0.371428571	2.885714286
1997	20	3.571428571	5.657142857
1997	21	0.057142857	4.014285714
1997	22	0.2	-1.4
1997	23	1.4	-1.628571429
1997	24	1.628571429	-1.457142857
1997	25	0.028571429	-2.5
1997	26	12.68571429	4.528571429
1997	27	0	-1.371428571
1997	28	0.257142857	-1.6
1997	29	0	-3.771428571
1997	30	1.314285714	-0.285714286
1997	31	0	-5.242857143
1997	32	3.114285714	0.657142857
1997	33	0.028571429	1.171428571
1997	34	0.314285714	-0.285714286
1997	35	4.4	1.371428571
1997	36	3.6	6.342857143
1997	37	0.971428571	3.728571429
1997	38	2.714285714	5.671428571
1997	39	0.314285714	2.3
1997	40	0.571428571	4.128571429
1997	41	1.571428571	5.657142857
1997	42	0	4.2
1997	43	0	5.685714286
1997	44	1.171428571	10.18571429
1997	45	0.657142857	9.371428571
1997	46	0.685714286	9.757142857
1997	47	0	10.24285714
1997	48	0.342857143	14.32857143
1997	49	0.114285714	13.5
1997	50	1.257142857	11.62857143
1997	51	0.028571429	13.98571429
1997	52	0	13.72857143
1998	1	0.971428571	15.18571429
1998	2	0.714285714	15.67142857
1998	3	0.285714286	15.55714286
1998	4	1.285714286	12.8
1998	5	0.028571429	13.98571429
1998	6	5.4	16.01428571
1998	7	0	11.72857143
1998	8	0	10.92857143
1998	9	0.371428571	14.2
1998	10	0.028571429	9.528571429
1998	11	0.171428571	11.15714286
1998	12	0	12.72857143
1998	13	0	7.614285714
1998	14	0	7.928571429
1998	15	2.628571429	8.428571429
1998	16	4.685714286	9.014285714
1998	17	0.028571429	8.528571429
1998	18	4.342857143	8.828571429
1998	19	0	3.357142857
1998	20	0.542857143	9.557142857
1998	21	0.514285714	2.685714286
1998	22	0	1.485714286
1998	23	5.314285714	3.4
1998	24	0	0.914285714
1998	25	11.11428571	0.914285714
1998	26	0.342857143	0.457142857
1998	27	1.771428571	-1.128571429
1998	28	0.171428571	-1.857142857
1998	29	4.571428571	0.742857143
1998	30	3.457142857	4.042857143
1998	31	2.914285714	0.185714286
1998	32	1.971428571	4.757142857
1998	33	7.8	5.857142857
1998	34	4.2	4.542857143
1998	35	0.057142857	1.842857143
1998	36	3.342857143	5.471428571
1998	37	1.571428571	7.614285714
1998	38	2.057142857	4.9
1998	39	1.171428571	6.242857143
1998	40	4.428571429	9.057142857
1998	41	0.914285714	3.471428571
1998	42	2.714285714	6.214285714
1998	43	0.371428571	4.228571429
1998	44	0.114285714	3.085714286
1998	45	3.685714286	11.28571429
1998	46	7.228571429	11.44285714
1998	47	0.114285714	6.928571429
1998	48	0.228571429	5.628571429
1998	49	0	10.05714286
1998	50	1.028571429	15.4
1998	51	0	13.12857143
1998	52	0.942857143	11.4
1999	1	1.6	15.07142857
1999	2	2.742857143	16.14285714
1999	3	0.114285714	16.18571429
1999	4	6.142857143	14.77142857
1999	5	3.314285714	13.4
1999	6	0.171428571	13.5
1999	7	1.028571429	13.84285714
1999	8	0.228571429	10.24285714
1999	9	0.542857143	14.97142857
1999	10	0.142857143	10.55714286
1999	11	0.457142857	11.74285714
1999	12	6.257142857	12.24285714
1999	13	2.714285714	9.585714286
1999	14	7.685714286	9
1999	15	0	7.528571429
1999	16	0	3.885714286
1999	17	0	2
1999	18	0	0.714285714
1999	19	0.2	3.657142857
1999	20	0.571428571	-0.4
1999	21	0.742857143	5.928571429
1999	22	1.771428571	2.157142857
1999	23	3.428571429	2.328571429
1999	24	0.885714286	-0.742857143
1999	25	0.8	1.05
1999	26	0.2	-0.757142857
1999	27	0.085714286	-3.3
1999	28	0.342857143	4.185714286
1999	29	1.742857143	3.628571429
1999	30	0.028571429	-3.571428571
1999	31	0.228571429	-3.514285714
1999	32	3.057142857	0.957142857
1999	33	0.828571429	0.314285714
1999	34	0	1.057142857
1999	35	2.628571429	5.114285714
1999	36	2.542857143	2.328571429
1999	37	0	1.514285714
1999	38	5.571428571	3.014285714
1999	39	1.857142857	8.771428571
1999	40	8.857142857	9.885714286
1999	41	0.428571429	7.8
1999	42	4.885714286	6.142857143
1999	43	0.914285714	6.871428571
1999	44	0.085714286	6.985714286
1999	45	2.742857143	5.885714286
1999	46	0.714285714	6.414285714
1999	47	2.4	7.285714286
1999	48	0.142857143	8.228571429
1999	49	3.285714286	13.08571429
1999	50	2.057142857	9.957142857
1999	51	1	9.257142857
1999	52	13.51428571	12.11428571
2000	1	0.028571429	9.8
2000	2	0.028571429	10.82857143
2000	3	0	13.31428571
2000	4	5.057142857	9.585714286
2000	5	0	12.05714286
2000	6	0	14.97142857
2000	7	0.428571429	11.47142857
2000	8	1.657142857	15.21428571
2000	9	0	13.95714286
2000	10	2.8	14.72857143
2000	11	0.457142857	15.42857143
2000	12	2.828571429	14.32857143
2000	13	0.114285714	9.657142857
2000	14	5.485714286	9.814285714
2000	15	0.142857143	8.014285714
2000	16	3.142857143	5.242857143
2000	17	0.028571429	2.071428571
2000	18	5.4	10.77142857
2000	19	0.142857143	2.628571429
2000	20	0.571428571	2.242857143
2000	21	0.114285714	-1.014285714
2000	22	2.085714286	0.3
2000	23	0.428571429	-3.642857143
2000	24	0	-2.757142857
2000	25	2.514285714	3.185714286
2000	26	0.857142857	0.171428571
2000	27	1.542857143	2.771428571
2000	28	0.457142857	-1.271428571
2000	29	1.714285714	0.014285714
2000	30	0.714285714	0.5
2000	31	0	-3.828571429
2000	32	3.857142857	2.085714286
2000	33	1.971428571	0
2000	34	2.2	1.342857143
2000	35	1.2	3.371428571
2000	36	2.028571429	2.2
2000	37	1.114285714	1.971428571
2000	38	0.028571429	5.357142857
2000	39	8.885714286	8.114285714
2000	40	0.171428571	3.6
2000	41	1.285714286	7.2
2000	42	5.714285714	6.528571429
2000	43	0.971428571	9.685714286
2000	44	2.885714286	6.585714286
2000	45	2.257142857	8.2
2000	46	6.428571429	12.94285714
2000	47	5.2	11.94285714
2000	48	2.514285714	14.21428571
2000	49	1.628571429	10.18571429
2000	50	0.085714286	13.34285714
2000	51	0.314285714	13.17142857
2000	52	0	11.4
2001	1	0.685714286	12.95714286
2001	2	0.142857143	12.7
2001	3	0.057142857	13.92857143
2001	4	4.857142857	18.12857143
2001	5	0.028571429	16
2001	6	9.971428571	17.07142857
2001	7	2.771428571	13.51428571
2001	8	0	14.05714286
2001	9	1.257142857	14.14285714
2001	10	0.028571429	12.18571429
2001	11	6.485714286	11.42857143
2001	12	0.428571429	10.02857143
2001	13	0	5.985714286
2001	14	0	7.371428571
2001	15	0.142857143	4.057142857
2001	16	0.771428571	7.314285714
2001	17	0.6	5.314285714
2001	18	0	4.385714286
2001	19	0	1.5
2001	20	0.114285714	2.228571429
2001	21	0.257142857	-1.128571429
2001	22	0	-2.514285714
2001	23	3.228571429	2.442857143
2001	24	1.171428571	2.014285714
2001	25	0.085714286	-1.428571429
2001	26	0.057142857	-2.814285714
2001	27	2.742857143	-1.842857143
2001	28	0.342857143	2.628571429
2001	29	0	-1.1
2001	30	2.428571429	3.871428571
2001	31	0.6	-1.314285714
2001	32	1.371428571	1.385714286
2001	33	0.485714286	3.242857143
2001	34	1.714285714	0.442857143
2001	35	5.685714286	3.085714286
2001	36	1.428571429	4.542857143
2001	37	6.028571429	3.928571429
2001	38	0.028571429	6.171428571
2001	39	0.257142857	4.685714286
2001	40	2.257142857	5.514285714
2001	41	2.914285714	5.5
2001	42	0.428571429	3.771428571
2001	43	0.914285714	6.414285714
2001	44	0	7.385714286
2001	45	5.8	8.5
2001	46	0.057142857	8.128571429
2001	47	0.342857143	6.428571429
2001	48	0.285714286	10.64285714
2001	49	2.142857143	10.91428571
2001	50	0	12.08571429
2001	51	0	13.24285714
2001	52	0.028571429	8.785714286
2002	1	1.428571429	12.31428571
2002	2	0	10.52857143
2002	3	1.714285714	13.31428571
2002	4	0.628571429	15.12857143
2002	5	4.428571429	16.78571429
2002	6	15.08571429	11.85714286
2002	7	9.142857143	13.64285714
2002	8	1.485714286	13.67142857
2002	9	0	11.91428571
2002	10	0	10.95714286
2002	11	0	10.8
2002	12	0	8.214285714
2002	13	5.828571429	11.04285714
2002	14	0	7.257142857
2002	15	2.4	9.757142857
2002	16	0.628571429	10.31428571
2002	17	0	5.971428571
2002	18	0	3.4
2002	19	0	1.171428571
2002	20	3.714285714	5.757142857
2002	21	0.142857143	3.042857143
2002	22	0.028571429	-1.214285714
2002	23	1.885714286	2.614285714
2002	24	3.657142857	6.428571429
2002	25	0	1.385714286
2002	26	0.257142857	-2.128571429
2002	27	1.657142857	2.528571429
2002	28	0.028571429	-2.785714286
2002	29	0.142857143	-2.814285714
2002	30	0.457142857	-1.1
2002	31	1.514285714	1.057142857
2002	32	0.314285714	1.914285714
2002	33	0.771428571	-1.614285714
2002	34	0	-3.842857143
2002	35	0.771428571	1.085714286
2002	36	2.428571429	5.814285714
2002	37	0	-1.585714286
2002	38	5.8	5.028571429
2002	39	0.114285714	4.014285714
2002	40	1.171428571	3.128571429
2002	41	0.428571429	6.2
2002	42	0	7.3
2002	43	0.057142857	5.985714286
2002	44	0	7.985714286
2002	45	0	8.1
2002	46	0	9.5
2002	47	0.085714286	13.61428571
2002	48	1.4	13.82857143
2002	49	0.771428571	9.5
2002	50	1.714285714	9.2
2002	51	0.114285714	13.94285714
2002	52	0	13.84285714
2003	1	1.628571429	14.12857143
2003	2	0	11.11428571
2003	3	0	14.34285714
2003	4	0	14.57142857
2003	5	0	14.45714286
2003	6	1.028571429	15.17142857
2003	7	0	16.47142857
2003	8	6.6	15.64285714
2003	9	0.542857143	11.37142857
2003	10	1.628571429	11.57142857
2003	11	5.457142857	11.45714286
2003	12	0.114285714	7.471428571
2003	13	0.857142857	9.971428571
2003	14	0.028571429	6.557142857
2003	15	0.171428571	10.01428571
2003	16	0	5.471428571
2003	17	1.971428571	8.257142857
2003	18	0.028571429	4.4
2003	19	0.057142857	3.171428571
2003	20	1.257142857	10.14285714
2003	21	0.657142857	3.8
2003	22	1.8	2.014285714
2003	23	1.371428571	3.571428571
2003	24	1.657142857	0.442857143
2003	25	0.4	2.257142857
2003	26	1.885714286	5.914285714
2003	27	0.114285714	0.985714286
2003	28	2	1.857142857
2003	29	0.828571429	0.685714286
2003	30	1.857142857	1.528571429
2003	31	0.114285714	-1.757142857
2003	32	1.542857143	1.371428571
2003	33	1.714285714	2.214285714
2003	34	6.142857143	3
2003	35	0.057142857	-0.728571429
2003	36	0	1.257142857
2003	37	2.742857143	5.257142857
2003	38	0.314285714	6.771428571
2003	39	3.285714286	5.642857143
2003	40	5.142857143	5.542857143
2003	41	0.514285714	3.314285714
2003	42	0.971428571	7.257142857
2003	43	1	5.728571429
2003	44	2.342857143	4.114285714
2003	45	0.085714286	8.557142857
2003	46	0.714285714	8.385714286
2003	47	8.2	11.67142857
2003	48	0.114285714	10.1
2003	49	8.257142857	11.01428571
2003	50	1.257142857	13.64285714
2003	51	2.857142857	14.74285714
2003	52	0	12.41428571
2004	1	1.514285714	16.41428571
2004	2	0	11.9
2004	3	0.857142857	13.71428571
2004	4	4.628571429	14.68571429
2004	5	0.028571429	9.2
2004	6	0.114285714	14.71428571
2004	7	1.4	17.2
2004	8	1.457142857	13.82857143
2004	9	0.057142857	9.328571429
2004	10	0.628571429	12.18571429
2004	11	0	11.65714286
2004	12	0	10.01428571
2004	13	0	9.257142857
2004	14	0	11.58571429
2004	15	0.114285714	6.671428571
2004	16	0.228571429	8
2004	17	0	5.771428571
2004	18	0	6.614285714
2004	19	0	2.585714286
2004	20	0	-0.5
2004	21	0.942857143	3.171428571
2004	22	0	-0.057142857
2004	23	0.257142857	-0.1
2004	24	0.742857143	3.914285714
2004	25	0.628571429	2.442857143
2004	26	0.028571429	2.328571429
2004	27	0.114285714	2.585714286
2004	28	0.542857143	0.1
2004	29	0.542857143	-3.828571429
2004	30	0.342857143	0.8
2004	31	1.4	-0.571428571
2004	32	0	1.142857143
2004	33	0.8	3.171428571
2004	34	0	0.042857143
2004	35	7.6	3.957142857
2004	36	3.485714286	1.6
2004	37	0.514285714	3.471428571
2004	38	2.228571429	3.128571429
2004	39	0.514285714	7.457142857
2004	40	3.542857143	6.828571429
2004	41	0.142857143	5.885714286
2004	42	0.057142857	7.3
2004	43	4.028571429	10.27142857
2004	44	2.342857143	6.428571429
2004	45	2.8	7.671428571
2004	46	5.685714286	9.171428571
2004	47	1.514285714	8.314285714
2004	48	0	13.84285714
2004	49	2.542857143	11.17142857
2004	50	7.8	14.17142857
2004	51	0	11.68571429
2004	52	0	11.14285714
2005	1	3.2	12.65714286
2005	2	0	11.27142857
2005	3	4.571428571	14.08571429
2005	4	0	16.02857143
2005	5	4.428571429	14.42857143
2005	6	0.285714286	12.08571429
2005	7	3.2	12.95714286
2005	8	3	15
2005	9	0	14.12857143
2005	10	0.257142857	9.728571429
2005	11	3.685714286	12.47142857
2005	12	1.742857143	8.228571429
2005	13	0.057142857	7.314285714
2005	14	0.028571429	7.242857143
2005	15	0.914285714	12.55714286
2005	16	0.028571429	7.871428571
2005	17	0	5.571428571
2005	18	0.028571429	3.242857143
2005	19	0	3.271428571
2005	20	0.085714286	2.271428571
2005	21	0	1.428571429
2005	22	0	-2.442857143
2005	23	0	0.542857143
2005	24	7.342857143	3.571428571
2005	25	2.2	3.142857143
2005	26	4.514285714	5.571428571
2005	27	0.542857143	2.785714286
2005	28	7.828571429	2.371428571
2005	29	0.257142857	-1.528571429
2005	30	0.085714286	0.914285714
2005	31	3.628571429	0.028571429
2005	32	1.314285714	0.885714286
2005	33	0.085714286	-1.585714286
2005	34	0.857142857	1.3
2005	35	1.057142857	2.971428571
2005	36	0.114285714	2.085714286
2005	37	6.914285714	6.228571429
2005	38	0.457142857	2.985714286
2005	39	6.485714286	7.828571429
2005	40	0.2	7.114285714
2005	41	1.885714286	6.371428571
2005	42	1.257142857	8.771428571
2005	43	4.514285714	7.957142857
2005	44	1.428571429	14.27142857
2005	45	6.571428571	11.84285714
2005	46	0.457142857	6.785714286
2005	47	1.285714286	12.4
2005	48	3.028571429	10.01428571
2005	49	2.828571429	11.51428571
2005	50	0	12.01428571
2005	51	0	11.8
2005	52	0	13.11428571
2006	1	0.657142857	15.51428571
2006	2	0.914285714	16.42857143
2006	3	9.485714286	15.97142857
2006	4	0.228571429	18.05714286
2006	5	0.428571429	17.15714286
2006	6	0	11.87142857
2006	7	2.371428571	14.9
2006	8	0	15.88571429
2006	9	0.6	13.08571429
2006	10	0	10.64285714
2006	11	2.657142857	14.6
2006	12	0.085714286	11.77142857
2006	13	1.657142857	11.9
2006	14	0.028571429	6.142857143
2006	15	0.971428571	4.571428571
2006	16	0	4.842857143
2006	17	0.314285714	2.385714286
2006	18	1.4	4.885714286
2006	19	0.742857143	2.928571429
2006	20	0	3.485714286
2006	21	0	2.185714286
2006	22	4.971428571	1.6
2006	23	0	1.685714286
2006	24	4.4	-3.142857143
2006	25	1.142857143	1.471428571
2006	26	0.171428571	-3.4
2006	27	0.228571429	1.685714286
2006	28	1.657142857	0.042857143
2006	29	1.314285714	3.385714286
2006	30	1.914285714	1.814285714
2006	31	0.028571429	2.071428571
2006	32	0	-2.271428571
2006	33	0	0.1
2006	34	1.657142857	1
2006	35	0	2.7
2006	36	2.571428571	4.771428571
2006	37	0.028571429	1.657142857
2006	38	0	6.628571429
2006	39	0.028571429	1.814285714
2006	40	0	3.042857143
2006	41	0	5.685714286
2006	42	0.371428571	8.857142857
2006	43	0.2	5.428571429
2006	44	3.971428571	7.785714286
2006	45	0.314285714	9.657142857
2006	46	1.685714286	6.885714286
2006	47	0	12.04285714
2006	48	0	12.3
2006	49	0	10.9
2006	50	0.4	13.15714286
2006	51	0	13.67142857
2006	52	1.885714286	11.34285714
2007	1	0.314285714	14.15714286
2007	2	0.2	13.4
2007	3	0.457142857	17.95714286
2007	4	0.4	15.24285714
2007	5	0.657142857	14.22857143
2007	6	0.628571429	16.54285714
2007	7	0.942857143	13.28571429
2007	8	4.714285714	15.92857143
2007	9	7.742857143	14.5
2007	10	0.285714286	12.27142857
2007	11	1.257142857	12.6
2007	12	2.6	14.81428571
2007	13	0	8.342857143
2007	14	0	8.8
2007	15	0	7.128571429
2007	16	0	6.971428571
2007	17	3.742857143	8.242857143
2007	18	0.257142857	9.4
2007	19	0.028571429	6.657142857
2007	20	3.657142857	7.557142857
2007	21	1.085714286	2.514285714
2007	22	1.142857143	3.485714286
2007	23	0.028571429	2.328571429
2007	24	2.628571429	1.128571429
2007	25	2.8	1.014285714
2007	26	7.8	4.2
2007	27	2.2	4.428571429
2007	28	0.028571429	-0.942857143
2007	29	0.285714286	-1.714285714
2007	30	0.171428571	0.228571429
2007	31	0.142857143	2.814285714
2007	32	0	6.471428571
2007	33	1.371428571	2.7
2007	34	0.142857143	2.842857143
2007	35	0.171428571	2.057142857
2007	36	1.114285714	3.242857143
2007	37	0.171428571	3.285714286
2007	38	0.542857143	2.757142857
2007	39	0.085714286	5.642857143
2007	40	0	7.828571429
2007	41	0.285714286	5.985714286
2007	42	0	7.814285714
2007	43	2.314285714	11.21428571
2007	44	7.457142857	10.57142857
2007	45	2.742857143	7.785714286
2007	46	0.2	11.24285714
2007	47	3.885714286	14.27142857
2007	48	3.914285714	13.88571429
2007	49	1.542857143	15.62857143
2007	50	0.857142857	11.78571429
2007	51	5.657142857	12.51428571
2007	52	2.542857143	13.24285714
2008	1	0	14.77142857
2008	2	0.285714286	17.15714286
2008	3	5.228571429	16
2008	4	0	12.4
2008	5	1.314285714	17.1
2008	6	3.742857143	12.24285714
2008	7	2.228571429	11.51428571
2008	8	1.2	12.65714286
2008	9	1.485714286	9.614285714
2008	10	0.428571429	11.41428571
2008	11	0.028571429	12.78571429
2008	12	0.085714286	13.14285714
2008	13	3.742857143	7.914285714
2008	14	0.371428571	4.771428571
2008	15	1.028571429	6.514285714
2008	16	0	6.257142857
2008	17	1.057142857	5.228571429
2008	18	0.028571429	0.285714286
2008	19	0	4.985714286
2008	20	0.514285714	2.442857143
2008	21	0.542857143	1.9
2008	22	0.771428571	1.814285714
2008	23	0.657142857	6.3
2008	24	1.685714286	6.328571429
2008	25	0.771428571	3.385714286
2008	26	0	2.157142857
2008	27	0.428571429	1.357142857
2008	28	2.657142857	0.985714286
2008	29	2.971428571	0.071428571
2008	30	0.228571429	-2.1
2008	31	1.085714286	0.414285714
2008	32	0.857142857	-0.185714286
2008	33	0	1.157142857
2008	34	0	-0.828571429
2008	35	1.628571429	0.8
2008	36	0.171428571	2.871428571
2008	37	1.628571429	3.057142857
2008	38	0.485714286	3.742857143
2008	39	2.485714286	5.957142857
2008	40	1.514285714	8.857142857
2008	41	1.171428571	3.614285714
2008	42	2	8.114285714
2008	43	0.114285714	5.242857143
2008	44	2.285714286	11.35714286
2008	45	1.2	8.785714286
2008	46	0.457142857	11.57142857
2008	47	4.542857143	10.47142857
2008	48	4	11.37142857
2008	49	0.057142857	11.74285714
2008	50	8.571428571	12.32857143
2008	51	1.2	9.585714286
2008	52	7.457142857	13.5
2009	1	0	11.78571429
2009	2	0.285714286	12.98571429
2009	3	3.028571429	13.05714286
2009	4	4.114285714	16.95714286
2009	5	0.085714286	17.35714286
2009	6	0	17.45714286
2009	7	0.742857143	11.88571429
2009	8	0.171428571	12.04285714
2009	9	0	14.88571429
2009	10	0	11.41428571
2009	11	1.371428571	10.71428571
2009	12	0	10.52857143
2009	13	0.142857143	12.45714286
2009	14	2.714285714	10.71428571
2009	15	4.885714286	9.685714286
2009	16	0	6.242857143
2009	17	2.714285714	6.885714286
2009	18	0	2.728571429
2009	19	0.028571429	1.1
2009	20	0.228571429	5.385714286
2009	21	0.085714286	8.2
2009	22	0.314285714	4.714285714
2009	23	2.428571429	5.3
2009	24	0.085714286	-0.7
2009	25	2.057142857	2.142857143
2009	26	1.6	5.571428571
2009	27	0.6	1.414285714
2009	28	0	2.657142857
2009	29	0	0.014285714
2009	30	2.342857143	0.457142857
2009	31	0	-0.2
2009	32	1.914285714	0.557142857
2009	33	0.171428571	0.842857143
2009	34	2.142857143	5.757142857
2009	35	1.314285714	4.471428571
2009	36	1.857142857	2.014285714
2009	37	0	4.128571429
2009	38	5.314285714	7.342857143
2009	39	1	4.271428571
2009	40	2.085714286	5.3
2009	41	0.971428571	4.114285714
2009	42	1.028571429	5.485714286
2009	43	2.085714286	9.442857143
2009	44	0.114285714	12.25714286
2009	45	0	9.957142857
2009	46	0	11.95714286
2009	47	0.371428571	15.38571429
2009	48	2.6	11.5
2009	49	1.885714286	10.72857143
2009	50	0	11.97142857
2009	51	0.628571429	13.78571429
2009	52	7.714285714	15.24285714